"Zawodnik" "2" 0 2 0 0 0 0 0 0 0 0 0 0 0   0 0 0 0 0 0
"Zawodnik" "3" 0 2 0 0 0 0 0 0 0 0 0 0 0   0 0 0 0 0 0
"Zawodnik" "4" 0 2 0 0 0 0 0 0 0 0 0 0 0   0 0 0 0 0 0
"Zawodnik" "5" 0 2 0 0 0 0 0 0 0 0 0 0 0   0 0 0 0 0 0
"Zawodnik" "6" 0 2 0 0 0 0 0 0 0 0 0 0 0   0 0 0 0 0 0
"Zawodnik" "7" 0 2 0 0 0 0 0 0 0 0 0 0 0   0 0 0 0 0 0
"Zawodnik" "8" 0 2 0 0 0 0 0 0 0 0 0 0 0   0 0 0 0 0 0
"Zawodnik" "9" 0 2 0 0 0 0 0 0 0 0 0 0 0   0 0 0 0 0 0
"Zawodnik" "10" 0 2 0 0 0 0 0 0 0 0 0 0 0   0 0 0 0 0 0
"Zawodnik" "11" 0 2 0 0 0 0 0 0 0 0 0 0 0   0 0 0 0 0 0
"Zawodnik" "13" 0 2 0 0 0 0 0 0 0 0 0 0 0   0 0 0 0 0 0
"Zawodnik" "14" 0 2 0 0 0 0 0 0 0 0 0 0 0   0 0 0 0 0 0
"Zawodnik" "15" 0 2 0 0 0 0 0 0 0 0 0 0 0   0 0 0 0 0 0
"Zawodnik" "16" 0 2 0 0 0 0 0 0 0 0 0 0 0   0 0 0 0 0 0
"Zawodnik" "17" 0 2 0 0 0 0 0 0 0 0 0 0 0   0 0 0 0 0 0
"Zawodnik" "18" 0 2 0 0 0 0 0 0 0 0 0 0 0   0 0 0 0 0 0
"Zawodnik" "19" 0 2 0 0 0 0 0 0 0 0 0 0 0   0 0 0 0 0 0
"Zawodnik" "14" 0 1 0 0 0 0 0 0 0 0 0 0 0   0 0 0 0 0 0
"Zawodnik" "15" 0 1 0 0 0 0 0 0 0 0 0 0 0   0 0 0 0 0 0
"Zawodnik" "16" 0 1 0 0 0 0 0 0 0 0 0 0 0   0 0 0 0 0 0
"Zawodnik" "17" 0 1 0 0 0 0 0 0 0 0 0 0 0   0 0 0 0 0 0
"Zawodnik" "18" 0 1 0 0 0 0 0 0 0 0 0 0 0   0 0 0 0 0 0
"Zawodnik" "19" 0 1 0 0 0 0 0 0 0 0 0 0 0   0 0 0 0 0 0
"Zawodnik" "0" 0 3 0 0 0 0 0 0 0 0 0 0 0   0 0 0 0 0 0
"Zawodnik" "1" 0 3 0 0 0 0 0 0 0 0 0 0 0   0 0 0 0 0 0
"Zawodnik" "2" 0 3 0 0 0 0 0 0 0 0 0 0 0   0 0 0 0 0 0
"Zawodnik" "3" 0 3 0 0 0 0 0 0 0 0 0 0 0   0 0 0 0 0 0
"Zawodnik" "4" 0 3 0 0 0 0 0 0 0 0 0 0 0   0 0 0 0 0 0
"Zawodnik" "5" 0 3 0 0 0 0 0 0 0 0 0 0 0   0 0 0 0 0 0
"Zawodnik" "6" 0 3 0 0 0 0 0 0 0 0 0 0 0   0 0 0 0 0 0
"Zawodnik" "7" 0 3 0 0 0 0 0 0 0 0 0 0 0   0 0 0 0 0 0
"Zawodnik" "8" 0 3 0 0 0 0 0 0 0 0 0 0 0   0 0 0 0 0 0
"Zawodnik" "9" 0 3 0 0 0 0 0 0 0 0 0 0 0   0 0 0 0 0 0
"Zawodnik" "10" 0 3 0 0 0 0 0 0 0 0 0 0 0   0 0 0 0 0 0
"Zawodnik" "11" 0 3 0 0 0 0 0 0 0 0 0 0 0   0 0 0 0 0 0
"Zawodnik" "12" 0 3 0 0 0 0 0 0 0 0 0 0 0   0 0 0 0 0 0
"Zawodnik" "13" 0 3 0 0 0 0 0 0 0 0 0 0 0   0 0 0 0 0 0
"Zawodnik" "14" 0 3 0 0 0 0 0 0 0 0 0 0 0   0 0 0 0 0 0
"Zawodnik" "15" 0 3 0 0 0 0 0 0 0 0 0 0 0   0 0 0 0 0 0
"Zawodnik" "12" 0 2 0 0 0 0 0 0 0 0 0 0 0   0 0 0 0 0 0
"Zawodnik" "16" 0 3 0 0 0 0 0 0 0 0 0 0 0   0 0 0 0 0 0
"Zawodnik" "17" 0 3 0 0 0 0 0 0 0 0 0 0 0   0 0 0 0 0 0
"Zawodnik" "18" 0 3 0 0 0 0 0 0 0 0 0 0 0   0 0 0 0 0 0
"Zawodnik" "19" 0 3 0 0 0 0 0 0 0 0 0 0 0   0 0 0 0 0 0
"Zawodnik" "0" 0 4 0 0 0 0 0 0 0 0 0 0 0   0 0 0 0 0 0
"Zawodnik" "1" 0 4 0 0 0 0 0 0 0 0 0 0 0   0 0 0 0 0 0
"Zawodnik" "2" 0 4 0 0 0 0 0 0 0 0 0 0 0   0 0 0 0 0 0
"Zawodnik" "3" 0 4 0 0 0 0 0 0 0 0 0 0 0   0 0 0 0 0 0
"Zawodnik" "4" 0 4 0 0 0 0 0 0 0 0 0 0 0   0 0 0 0 0 0
"Zawodnik" "5" 0 4 0 0 0 0 0 0 0 0 0 0 0   0 0 0 0 0 0
"Zawodnik" "6" 0 4 0 0 0 0 0 0 0 0 0 0 0   0 0 0 0 0 0
"Zawodnik" "7" 0 4 0 0 0 0 0 0 0 0 0 0 0   0 0 0 0 0 0
"Zawodnik" "8" 0 4 0 0 0 0 0 0 0 0 0 0 0   0 0 0 0 0 0
"Zawodnik" "9" 0 4 0 0 0 0 0 0 0 0 0 0 0   0 0 0 0 0 0
"Zawodnik" "10" 0 4 0 0 0 0 0 0 0 0 0 0 0   0 0 0 0 0 0
"Zawodnik" "11" 0 4 0 0 0 0 0 0 0 0 0 0 0   0 0 0 0 0 0
"Zawodnik" "12" 0 4 0 0 0 0 0 0 0 0 0 0 0   0 0 0 0 0 0
"Zawodnik" "13" 0 4 0 0 0 0 0 0 0 0 0 0 0   0 0 0 0 0 0
"Zawodnik" "14" 0 4 0 0 0 0 0 0 0 0 0 0 0   0 0 0 0 0 0
"Zawodnik" "15" 0 4 0 0 0 0 0 0 0 0 0 0 0   0 0 0 0 0 0
"Zawodnik" "16" 0 4 0 0 0 0 0 0 0 0 0 0 0   0 0 0 0 0 0
"Zawodnik" "17" 0 4 0 0 0 0 0 0 0 0 0 0 0   0 0 0 0 0 0
"Zawodnik" "18" 0 4 0 0 0 0 0 0 0 0 0 0 0   0 0 0 0 0 0
"Zawodnik" "19" 0 4 0 0 0 0 0 0 0 0 0 0 0   0 0 0 0 0 0
"Zawodnik" "5" 0 5 0 0 0 0 0 0 0 0 0 0 0   0 0 0 0 0 0
"Zawodnik" "6" 0 5 0 0 0 0 0 0 0 0 0 0 0   0 0 0 0 0 0
"Zawodnik" "7" 0 5 0 0 0 0 0 0 0 0 0 0 0   0 0 0 0 0 0
"Zawodnik" "8" 0 5 0 0 0 0 0 0 0 0 0 0 0   0 0 0 0 0 0
"Zawodnik" "9" 0 5 0 0 0 0 0 0 0 0 0 0 0   0 0 0 0 0 0
"Zawodnik" "10" 0 5 0 0 0 0 0 0 0 0 0 0 0   0 0 0 0 0 0
"Zawodnik" "11" 0 5 0 0 0 0 0 0 0 0 0 0 0   0 0 0 0 0 0
"Zawodnik" "12" 0 5 0 0 0 0 0 0 0 0 0 0 0   0 0 0 0 0 0
"Zawodnik" "13" 0 5 0 0 0 0 0 0 0 0 0 0 0   0 0 0 0 0 0
"Zawodnik" "14" 0 5 0 0 0 0 0 0 0 0 0 0 0   0 0 0 0 0 0
"Zawodnik" "15" 0 5 0 0 0 0 0 0 0 0 0 0 0   0 0 0 0 0 0
"Zawodnik" "16" 0 5 0 0 0 0 0 0 0 0 0 0 0   0 0 0 0 0 0
"Zawodnik" "17" 0 5 0 0 0 0 0 0 0 0 0 0 0   0 0 0 0 0 0
"Zawodnik" "18" 0 5 0 0 0 0 0 0 0 0 0 0 0   0 0 0 0 0 0
"Zawodnik" "19" 0 5 0 0 0 0 0 0 0 0 0 0 0   0 0 0 0 0 0
"Zawodnik" "0" 0 6 0 0 0 0 0 0 0 0 0 0 0   0 0 0 0 0 0
"Zawodnik" "1" 0 6 0 0 0 0 0 0 0 0 0 0 0   0 0 0 0 0 0
"Zawodnik" "2" 0 6 0 0 0 0 0 0 0 0 0 0 0   0 0 0 0 0 0
"Zawodnik" "3" 0 6 0 0 0 0 0 0 0 0 0 0 0   0 0 0 0 0 0
"Zawodnik" "4" 0 6 0 0 0 0 0 0 0 0 0 0 0   0 0 0 0 0 0
"Zawodnik" "5" 0 6 0 0 0 0 0 0 0 0 0 0 0   0 0 0 0 0 0
"Zawodnik" "6" 0 6 0 0 0 0 0 0 0 0 0 0 0   0 0 0 0 0 0
"Zawodnik" "7" 0 6 0 0 0 0 0 0 0 0 0 0 0   0 0 0 0 0 0
"Zawodnik" "8" 0 6 0 0 0 0 0 0 0 0 0 0 0   0 0 0 0 0 0
"Zawodnik" "9" 0 6 0 0 0 0 0 0 0 0 0 0 0   0 0 0 0 0 0
"Zawodnik" "10" 0 6 0 0 0 0 0 0 0 0 0 0 0   0 0 0 0 0 0
"Zawodnik" "11" 0 6 0 0 0 0 0 0 0 0 0 0 0   0 0 0 0 0 0
"Zawodnik" "12" 0 6 0 0 0 0 0 0 0 0 0 0 0   0 0 0 0 0 0
"Zawodnik" "13" 0 6 0 0 0 0 0 0 0 0 0 0 0   0 0 0 0 0 0
"Zawodnik" "14" 0 6 0 0 0 0 0 0 0 0 0 0 0   0 0 0 0 0 0
"Zawodnik" "15" 0 6 0 0 0 0 0 0 0 0 0 0 0   0 0 0 0 0 0
"Zawodnik" "16" 0 6 0 0 0 0 0 0 0 0 0 0 0   0 0 0 0 0 0
"Zawodnik" "17" 0 6 0 0 0 0 0 0 0 0 0 0 0   0 0 0 0 0 0
"Zawodnik" "18" 0 6 0 0 0 0 0 0 0 0 0 0 0   0 0 0 0 0 0
"Zawodnik" "19" 0 6 0 0 0 0 0 0 0 0 0 0 0   0 0 0 0 0 0
"Zawodnik" "0" 0 7 0 0 0 0 0 0 0 0 0 0 0   0 0 0 0 0 0
"Zawodnik" "1" 0 7 0 0 0 0 0 0 0 0 0 0 0   0 0 0 0 0 0
"Zawodnik" "2" 0 7 0 0 0 0 0 0 0 0 0 0 0   0 0 0 0 0 0
"Zawodnik" "3" 0 7 0 0 0 0 0 0 0 0 0 0 0   0 0 0 0 0 0
"Zawodnik" "4" 0 7 0 0 0 0 0 0 0 0 0 0 0   0 0 0 0 0 0
"Zawodnik" "5" 0 7 0 0 0 0 0 0 0 0 0 0 0   0 0 0 0 0 0
"Zawodnik" "6" 0 7 0 0 0 0 0 0 0 0 0 0 0   0 0 0 0 0 0
"Zawodnik" "7" 0 7 0 0 0 0 0 0 0 0 0 0 0   0 0 0 0 0 0
"Zawodnik" "8" 0 7 0 0 0 0 0 0 0 0 0 0 0   0 0 0 0 0 0
"Zawodnik" "9" 0 7 0 0 0 0 0 0 0 0 0 0 0   0 0 0 0 0 0
"Zawodnik" "10" 0 7 0 0 0 0 0 0 0 0 0 0 0   0 0 0 0 0 0
"Zawodnik" "11" 0 7 0 0 0 0 0 0 0 0 0 0 0   0 0 0 0 0 0
"Zawodnik" "12" 0 7 0 0 0 0 0 0 0 0 0 0 0   0 0 0 0 0 0
"Zawodnik" "13" 0 7 0 0 0 0 0 0 0 0 0 0 0   0 0 0 0 0 0
"Zawodnik" "14" 0 7 0 0 0 0 0 0 0 0 0 0 0   0 0 0 0 0 0
"Zawodnik" "15" 0 7 0 0 0 0 0 0 0 0 0 0 0   0 0 0 0 0 0
"Zawodnik" "16" 0 7 0 0 0 0 0 0 0 0 0 0 0   0 0 0 0 0 0
"Zawodnik" "17" 0 7 0 0 0 0 0 0 0 0 0 0 0   0 0 0 0 0 0
"Zawodnik" "18" 0 7 0 0 0 0 0 0 0 0 0 0 0   0 0 0 0 0 0
"Zawodnik" "19" 0 7 0 0 0 0 0 0 0 0 0 0 0   0 0 0 0 0 0
"Zawodnik" "0" 0 8 0 0 0 0 0 0 0 0 0 0 0   0 0 0 0 0 0
"Zawodnik" "1" 0 8 0 0 0 0 0 0 0 0 0 0 0   0 0 0 0 0 0
"Zawodnik" "2" 0 8 0 0 0 0 0 0 0 0 0 0 0   0 0 0 0 0 0
"Zawodnik" "3" 0 8 0 0 0 0 0 0 0 0 0 0 0   0 0 0 0 0 0
"Zawodnik" "4" 0 8 0 0 0 0 0 0 0 0 0 0 0   0 0 0 0 0 0
"Zawodnik" "5" 0 8 0 0 0 0 0 0 0 0 0 0 0   0 0 0 0 0 0
"Zawodnik" "6" 0 8 0 0 0 0 0 0 0 0 0 0 0   0 0 0 0 0 0
"Zawodnik" "7" 0 8 0 0 0 0 0 0 0 0 0 0 0   0 0 0 0 0 0
"Zawodnik" "8" 0 8 0 0 0 0 0 0 0 0 0 0 0   0 0 0 0 0 0
"Zawodnik" "9" 0 8 0 0 0 0 0 0 0 0 0 0 0   0 0 0 0 0 0
"Zawodnik" "10" 0 8 0 0 0 0 0 0 0 0 0 0 0   0 0 0 0 0 0
"Zawodnik" "11" 0 8 0 0 0 0 0 0 0 0 0 0 0   0 0 0 0 0 0
"Zawodnik" "12" 0 8 0 0 0 0 0 0 0 0 0 0 0   0 0 0 0 0 0
"Zawodnik" "13" 0 8 0 0 0 0 0 0 0 0 0 0 0   0 0 0 0 0 0
"Zawodnik" "14" 0 8 0 0 0 0 0 0 0 0 0 0 0   0 0 0 0 0 0
"Zawodnik" "15" 0 8 0 0 0 0 0 0 0 0 0 0 0   0 0 0 0 0 0
"Zawodnik" "16" 0 8 0 0 0 0 0 0 0 0 0 0 0   0 0 0 0 0 0
"Zawodnik" "17" 0 8 0 0 0 0 0 0 0 0 0 0 0   0 0 0 0 0 0
"Zawodnik" "18" 0 8 0 0 0 0 0 0 0 0 0 0 0   0 0 0 0 0 0
"Zawodnik" "19" 0 8 0 0 0 0 0 0 0 0 0 0 0   0 0 0 0 0 0
"Wieslaw" "Jaguœ" 0 1 0 0 0 0 0 0 0 31 0 0 0   0 0 0 0 0 0
"Mariusz" "Puszakowski" 0 1 0 0 0 0 0 0 0 28 0 0 0   0 0 0 0 0 0
"Krzysztof" "S³aboñ" 0 1 0 0 0 0 0 0 0 25 0 0 0   0 0 0 0 0 0
"Andy" "Smith" 0 1 0 0 0 0 0 0 0 0 0 0 0   0 0 0 0 0 0
"Sebastian" "Trumiñski" 0 1 0 0 0 0 0 0 0 0 0 0 0   0 0 0 0 0 0
"Karol" "Z¹bik" 0 1 0 0 0 0 0 0 0 20 0 0 0   0 0 0 0 0 0
"Adrian" "Miedziñski" 0 1 0 0 0 0 0 0 0 21 0 0 0   0 0 0 0 0 0
"Damian" "Stachowiak" 0 1 0 0 0 0 0 0 0 0 0 0 0   0 0 0 0 0 0
"Ales" "Dryml" 0 1 0 0 0 0 0 0 0 27 0 0 0   0 0 0 0 0 0
"Simon" "Stead" 0 1 0 0 0 0 0 0 0 24 0 0 0   0 0 0 0 0 0
"Niels Kristian" "Iversen" 0 1 0 0 0 0 0 0 0 0 0 0 0   0 0 0 0 0 0
"Lenar" "Nigmatzyanov" 0 1 0 0 0 0 0 0 0 0 0 0 0   0 0 0 0 0 0
"Brian" "Karger" 0 1 0 0 0 0 0 0 0 0 0 0 0   0 0 0 0 0 0
"Bjarne" "Pedersen" 0 1 0 0 0 0 0 0 0 28 0 0 0   0 0 0 0 0 0
"Tomasz" "Gollob" 0 5 0 0 0 0 0 0 0 0 0 0 0   0 0 0 0 0 0
"Tony" "Rickardsson" 0 5 0 0 0 0 0 0 0 0 0 0 0   0 0 0 0 0 0
"Jacek" "Gollob" 0 5 0 0 0 0 0 0 0 0 0 0 0   0 0 0 0 0 0
"Stanislaw" "Burza" 0 5 0 0 0 0 0 0 0 0 0 0 0   0 0 0 0 0 0
"Janusz" "Kolodziej" 0 5 0 0 0 0 0 0 0 0 0 0 0   0 0 0 0 0 0
"Zawodnik" "0" 0 2 0 0 0 0 0 0 0 0 0 0 0   0 0 0 0 0 0
"Zawodnik" "1" 0 2 0 0 0 0 0 0 0 0 0 0 0   0 0 0 0 0 0
"Imie" "Nazwisko" "Forma" "Druzyna" "Numer" "Technika jazdy" "Walka" "Power" "Ilosc mechanikow" "KSM" "Zdrowie" "Wiek" "Opony" "Motor" "Wypozyczenie" "Status" "Morale" "Ilosc pkt" "Ilosc meczow" "Ilosc bonusow" "Ilosc upadkow" "Ilosc defektow" "Ilosc tasm"
